0.000000000000000000e+00 3.505489170969017937e-02 5.435832570509958883e-02 3.729394562718435675e-03 8.055584327029807062e-03 4.919284050338201125e-02 5.632387293563518964e-03 8.326383026988789376e-03 8.854214826325503690e-03 6.586275714169033315e-04 9.687597825449270779e-05 1.211034352774895985e-04 1.187407166203474727e-04 6.272600553383212004e-04 1.057626889248132690e-03 7.370689281716882868e-02 1.201082500551403539e-04 5.794866513538909393e-03 8.605757019113137733e-05 1.921677841142253613e-03 8.491344568380468621e-04 1.368616629592693263e-04 1.591348560308955941e-04 3.131741831908963652e-04 1.783051473321584958e-03 1.419143153693373446e-04 1.003805647631285272e-04 2.849389054085064901e-03 2.922121071582381479e-04 2.757227229865691592e-04 9.319537259088354420e-04 1.940904548839341437e-01 1.684661279003155099e-02 6.019178103338266141e-04 1.894417438679716324e-04 6.644271769076915204e-03 5.971788330845443499e-03 6.849627449879143112e-03 3.098185359672379381e-04 1.458318698954105808e-04 3.384916049812281436e-03 4.818411534603481042e-04 5.360460265688042148e-04 7.230776620071409757e-04 4.583222863689105121e-04 1.228117237430641911e-03 1.348329293654099733e-04 1.040205506217438348e-04 4.335487186343296717e-02 1.107656949065554709e-02 7.929211600382282546e-04 5.928460538852007265e-04 3.268246943246619742e-04 1.229426097813776653e-03 9.876931249837258339e-04 2.177514912928501644e-03 5.250561126621355705e-04 2.863425453366272647e-03 2.410559760801534997e-04 1.881103169265066038e-05 8.853312163992307332e-06 1.266390120358177888e-05 1.063697293438879854e-05 4.970510137747109406e-05 1.241589472753601214e-04 2.229846761695575112e-04 1.426454718592265784e-04 2.490309977939455027e-05 7.254697171901118395e-05 1.379651676616021859e-03 6.483372208184619550e-04 2.779071658329049785e-05 3.692746471990653923e-05 6.987734786858222896e-05 6.400778604697129968e-05 2.700720567807584249e-04 6.239202047054937699e-05 5.178122474382327402e-05 4.105195458586512392e-05 4.475061349613822063e-04 1.483435278375301667e-04 2.078899053026772256e-04 4.535945923987932358e-05 1.710251756149278493e-05 2.102977570764791741e-05 3.417434460365688424e-05 5.333831726858742931e-04 3.588037641339847253e-05 1.622039079637640265e-03 4.932372654169552131e-05 3.436593468387786829e-04 1.595275141458361141e-04 1.556505794247566715e-04 2.621105750019643463e-05 2.265479357298510641e-05 2.583126232350396357e-05 7.494805352531417361e-05 2.888880531162416732e-05 9.786439350934297322e-04 6.042872989584675836e-04
3.505489170969017937e-02 0.000000000000000000e+00 1.361305064693801026e-01 1.308363918851820074e-01 1.856121989193850186e-01 3.218374849337507504e-02 1.692085676693697027e-02 4.377054786787000495e-02 1.227846438730682832e-02 6.546558571508382350e-04 2.914403308633550460e-05 3.142054749065734354e-05 3.135668413058368174e-05 1.154730789741757746e-04 6.280498848798683439e-05 1.122731410029938065e-01 1.528207330101853160e-05 2.599261321556285351e-03 1.370106022442468000e-05 1.391815051555846203e-04 6.972840858360479597e-05 8.274705608413284743e-05 8.166611794012989850e-05 4.542422526228617763e-05 8.191435008175896107e-03 2.024897278943285574e-04 7.581460936518290912e-05 1.464614768728152356e-04 1.591010061934007119e-05 9.111699256869834770e-05 2.095011575674331911e-03 1.877560219607269168e-02 2.797937301092858625e-02 1.067623874588285359e-04 2.077477359851987717e-04 8.587929438032505455e-04 5.941774808266656873e-04 2.182163623944463962e-02 1.413253281969265593e-03 1.567879339645843835e-04 1.260771047334028998e-03 1.191062948652921085e-03 1.298321800395007500e-03 2.588677605699555130e-04 9.336010846669192493e-04 7.680302462003319895e-04 9.137425133365939295e-05 6.056412924582625201e-05 2.316660311590758737e-03 3.685683139233389828e-04 4.936660300252235451e-04 7.983145674790779979e-04 3.655398817954644036e-04 1.584194961318372702e-03 1.270835732349170997e-03 2.348953056560867080e-03 6.116891300906797694e-04 3.635607946299308346e-03 1.090416098501499549e-04 3.233133378485271705e-06 1.813538893625300295e-06 2.857806380342123214e-06 2.313388160632920369e-06 7.765604052490397886e-06 1.693800735126770599e-05 2.576469097643071485e-05 1.194425365844078464e-04 2.540136938731908031e-06 2.211251917631724745e-05 9.771319756853255080e-04 1.653925626557810346e-04 1.367849366609476190e-05 1.082495236527699291e-05 2.114418815838058923e-05 1.212140114133061677e-05 2.114215716813089751e-04 9.739726575191375713e-06 2.181396360961246865e-05 3.692520806407354844e-05 2.772820721671662918e-04 2.749893098408469482e-05 1.161884388732340796e-04 6.921163439784973500e-05 1.863275588184433354e-05 2.427665212015610899e-05 1.378681314607835554e-05 1.225950847830969937e-04 3.270345633171302602e-05 1.304663003285713892e-03 1.582592735676948887e-05 2.445741025237872638e-04 1.351375779028638185e-04 1.064261457397127925e-04 2.652924597264823807e-05 1.327206995057299068e-05 2.886014578254517273e-05 6.767710843141550795e-05 1.581870605810391697e-05 1.610800933589342674e-03 5.010452945991058366e-04
5.435832570509958883e-02 1.361305064693801026e-01 0.000000000000000000e+00 1.171678275047524122e-02 8.451853091303117294e-02 2.537925416015576197e-01 4.672405902208930095e-03 1.397975721979912919e-02 4.008971653867754448e-02 2.223392726013219411e-04 1.289114644596402423e-05 1.690618850402252497e-05 1.638828599035097199e-05 5.177445477632430164e-05 4.339571733401011085e-05 4.078860285015501602e-02 8.351431906734994740e-06 1.221302136815007522e-03 6.781927774889396856e-06 1.182307124020914044e-04 3.868088630214094095e-05 4.055029999419111278e-05 4.801035284689445973e-05 2.289851240294818997e-05 2.878951245497253855e-03 1.191649679169498773e-04 5.900026675356313111e-05 1.359499740027407750e-04 1.141867851493706263e-05 5.019930900489622000e-05 1.417834293310238272e-03 2.089392502650182920e-02 1.476236546268058607e-02 3.950840199609893371e-05 1.202932958334456396e-04 7.763798727824003897e-04 3.280116952928155785e-04 9.965843489657125881e-03 3.811062937314398666e-04 5.507594225999088870e-05 4.825858498852353233e-04 7.388742528380815673e-04 6.430792127275917949e-04 1.624724500078900406e-04 5.532191774578696644e-04 3.647071757930905639e-04 4.652321665295305290e-05 4.005112772393338541e-05 5.711595913301521950e-03 6.234688735388954758e-04 5.826459695200790359e-04 1.082314704061060123e-03 3.577115427108168563e-04 1.469647111235723464e-03 1.355302360178043276e-03 3.167916024911817188e-03 5.190308415880482426e-04 3.146026463331799694e-03 5.537156417411277743e-05 1.621068717629454272e-06 8.661947749354626136e-07 1.746313116360482875e-06 2.358250478592792273e-06 5.427934275094488301e-06 1.315156452909124406e-05 2.070143228394765540e-05 1.035240863384856978e-04 2.319526264498657579e-06 1.290919969262795735e-05 6.445460390190362304e-04 1.093823648809316799e-04 7.854967623476861066e-06 9.540012533971626169e-06 1.433585751024519196e-05 9.341201155085073960e-06 1.367623701026177043e-04 7.462309508536338593e-06 1.645937064909020568e-05 2.585112089483429136e-05 2.718345049863247695e-04 1.884713818597852662e-05 9.478631495314255597e-05 3.652013834205157576e-05 1.142093517077005172e-05 1.255828971059777386e-05 9.732956607692401640e-06 5.282831305033134072e-05 1.719052713897945635e-05 8.723554453595296423e-04 1.096531635808906563e-05 1.992446568064867537e-04 8.180377394594238430e-05 5.517523511664252424e-05 1.596674268074815771e-05 1.065976515830201470e-05 2.327988723872375932e-05 4.046951171537001665e-05 8.340374293153337144e-06 1.220625140065109823e-03 3.066028014052250622e-04
3.729394562718435675e-03 1.308363918851820074e-01 1.171678275047524122e-02 0.000000000000000000e+00 1.259304221042584493e-01 1.467593554427701168e-02 4.515252389999400290e-02 2.402887130969364182e-01 1.851383011944567752e-02 1.513448800954088781e-03 2.786541189136251072e-05 3.110890332012121272e-05 2.629861574651650653e-05 7.038509543100531320e-05 4.228273467717869809e-05 6.565965811672108687e-02 1.049593194482682994e-05 1.200473203476495714e-03 5.569200930239757505e-06 1.153782994291901206e-04 4.783659034775411447e-05 6.356773815953795277e-05 5.514815524664661440e-05 5.296371240031082895e-05 8.649310476689875404e-03 1.794921483003120350e-04 5.795092179122208039e-05 1.071843820995979429e-04 1.135075317436401537e-05 7.557766050271878778e-05 1.372137012692160093e-03 6.881220631541023862e-03 1.412598851777698006e-02 7.081611669510669694e-05 1.506836799363423440e-04 1.736812595303588880e-03 1.329102585957012053e-03 1.746222850127163509e-02 2.586240417399924586e-03 2.478507667932909522e-04 6.611098928331939897e-04 8.719718138679210043e-04 9.086199045957031898e-04 1.739136950811570332e-04 6.518801704762586247e-04 5.706856936052239577e-04 6.129979904738149443e-05 4.226874341101414704e-05 5.287118951115818422e-03 9.307576983173499558e-04 6.250710991803194944e-04 7.625465725261624519e-04 7.103501231090687297e-04 2.652834331031504039e-03 1.862643724551195932e-03 3.933057751645919337e-03 1.520918331761290758e-03 6.891375582789485872e-03 2.724686252753954195e-04 1.016330087504388272e-05 2.204481950132750164e-06 2.630516004843218000e-06 3.302976876516359276e-06 1.073626579104042731e-05 2.145289867633382659e-05 2.973392292107949030e-05 3.596612933505214976e-04 5.712047244468120772e-06 3.705925342055323813e-05 2.908152371976163632e-03 3.473828289632147244e-04 1.130652272003738329e-05 1.221776034539935547e-05 4.010641579184168355e-05 2.192815039476184071e-05 5.086050916396273915e-04 1.699352108475929711e-05 2.281794978971039359e-05 5.357300947521854631e-05 4.758384489445906707e-04 6.034749028585906813e-05 3.119014293010890972e-04 6.627346850329478756e-05 1.874784532932690124e-05 1.835699253905276581e-05 1.859552106059997529e-05 2.264734660873623747e-04 3.135329914683419894e-05 3.204812347781228754e-03 2.969330311608564248e-05 5.604404761234425868e-04 3.203029589673165364e-04 2.480425825390952712e-04 5.629227975397331908e-05 2.384089187880544729e-05 2.619819456194838575e-05 7.745971146743371890e-05 1.347065566387624483e-05 3.686269869749968058e-03 1.560364675721982557e-03
8.055584327029807062e-03 1.856121989193850186e-01 8.451853091303117294e-02 1.259304221042584493e-01 0.000000000000000000e+00 7.857449944893152294e-02 1.908927735685851798e-03 1.003986180097924535e-01 1.688881225410849007e-01 1.724355855105475692e-03 3.138037901683009523e-05 3.416283565890863052e-05 3.191656044274888108e-05 6.276436868299297301e-05 6.561903831172725434e-05 2.013456033870018522e-02 1.070602660287833951e-05 9.575893361716190889e-04 7.679399799670121138e-06 1.347562030670882728e-04 5.510979209748576415e-05 7.352184703886351818e-05 6.258609287218665294e-05 5.125316727890326585e-05 9.626216786791902402e-03 1.965344131510639509e-04 8.939290751229283984e-05 1.343093852121559197e-04 1.776123539914301015e-05 7.797874230902176389e-05 1.692898072793574092e-03 1.154866189091737286e-02 1.844026313929015767e-02 5.454788479507088054e-05 1.843597549320747135e-04 1.979177431766877392e-03 1.360244436452294915e-03 1.984909337582675681e-02 2.611402129937779367e-03 2.272091358889175765e-04 5.323451110026980676e-04 1.079900082319759039e-03 1.142319182660304563e-03 2.235465834719723745e-04 8.284409228495147456e-04 6.643143441160419185e-04 7.087253309093148709e-05 5.799831156371490059e-05 8.968852942641472939e-03 1.014818128096284027e-03 9.252063249681908436e-04 1.875032765074319003e-03 9.659840958703474947e-04 4.853841031181447413e-03 2.974520620024444575e-03 6.714002434316352144e-03 2.157227576989907952e-03 1.271332196632429107e-02 2.724979618012242930e-04 1.113840186047951501e-05 3.134788317283501832e-06 2.958791728868493382e-06 3.336826714011232180e-06 1.275552143040123455e-05 3.012545270810351145e-05 3.436796567412756068e-05 5.743640426130001021e-04 4.632011762798381886e-06 5.654953851893434401e-05 3.662394451036917256e-03 4.141143986006067174e-04 1.555354899772741411e-05 1.937519565089853817e-05 6.839021167464082889e-05 2.779252190795688575e-05 6.762520534725668855e-04 1.455994343446124749e-05 2.738451853335202300e-05 8.632611223525736978e-05 7.264626457566281678e-04 6.380920033366805570e-05 5.628325313064134507e-04 9.691208474782057403e-05 2.349201288702495823e-05 2.384495385930483275e-05 2.310996105449949638e-05 3.237782089501234145e-04 3.644521736839625298e-05 4.610302733685003526e-03 4.313078593921690774e-05 8.514813789043580456e-04 3.989383881237387633e-04 3.441467844987048026e-04 7.479234427283774792e-05 3.700125736564535646e-05 4.119141591634400100e-05 1.003083517764728083e-04 1.796546275202874128e-05 5.835486318532756567e-03 2.061951567721006292e-03
4.919284050338201125e-02 3.218374849337507504e-02 2.537925416015576197e-01 1.467593554427701168e-02 7.857449944893152294e-02 0.000000000000000000e+00 1.055415366531801090e-03 3.956301306725732575e-02 4.270156999978192425e-01 5.633741287063314578e-04 1.995966951164333987e-05 1.497042913048240587e-05 1.132908927836729969e-05 3.535389860756154911e-05 1.079854949203099386e-04 7.641487981675864488e-03 7.981114684541086368e-06 4.399102314275327337e-03 4.043024590387596059e-06 7.172780565163528084e-04 5.071156987898530616e-05 3.706128441080292917e-05 4.293964719016252186e-05 3.717614819270220050e-05 2.809965276682703430e-03 9.029331318965645758e-05 5.128476046056514373e-05 1.396531462246798248e-03 1.066721212255088635e-04 1.163825112748713555e-04 7.265077788732879566e-04 1.605655758290121943e-02 7.851131308560776664e-03 1.908679503544222743e-04 1.039235144209251969e-04 8.076571226276628782e-03 4.343566014225406537e-03 6.938765355282307430e-03 5.693091335470990997e-04 8.150138206432152319e-05 6.325406299875213634e-04 4.124512432516920491e-04 5.153750591386019927e-04 3.207588034455808256e-04 3.797139370824841476e-04 7.484650401282953508e-04 3.397891820851982331e-05 3.739820312666857177e-05 4.198756409422340491e-02 8.211970576256119939e-03 2.667006129662691152e-03 4.624564798549509782e-03 2.013501166986678397e-03 8.932520783730310901e-03 7.258307821233905832e-03 1.901661303903619260e-02 4.343723980133715364e-03 2.454880481361488426e-02 3.973497024173128114e-04 1.378455649024536305e-05 4.885208547260029822e-06 5.451403495757600340e-06 5.100042182560820727e-06 2.047915168439798776e-05 5.181281792548516544e-05 8.077699554193124151e-05 6.376858052867421600e-04 1.306265228927137870e-05 7.420110044459397045e-05 4.615041710934285682e-03 6.661422353407649892e-04 1.660921259640084108e-05 1.916464966168043079e-05 9.732956607692399946e-05 4.109821603044145212e-05 7.840299360562417389e-04 3.480124359406192844e-05 3.714997098503950324e-05 9.313218622755976947e-05 1.468676749227536922e-03 1.076086333962003475e-04 6.580634074586554300e-04 9.213474434937754087e-05 1.578575888294224056e-05 2.055136467105371685e-05 2.215697529622718097e-05 6.254547306719279156e-04 4.013958863258665295e-05 8.464039032801271706e-03 8.587026775699309409e-05 1.247185979219420007e-03 5.360234600104743204e-04 3.886480375252975494e-04 1.010530482013600003e-04 3.845792870584138420e-05 3.246650746924891146e-05 7.755449101241937285e-05 2.071271556311260936e-05 1.229245565347137498e-02 3.305210965791021208e-03
5.632387293563518964e-03 1.692085676693697027e-02 4.672405902208930095e-03 4.515252389999400290e-02 1.908927735685851798e-03 1.055415366531801090e-03 0.000000000000000000e+00 2.141679218300596432e-01 1.043003759450347734e-02 3.935021042220622316e-03 2.162259919497479114e-04 5.855796221029680153e-04 3.313154394323151401e-03 6.548363896174775635e-03 3.434336812554795765e-04 3.169405417761591570e-01 7.682107786669712529e-04 3.371150449231033464e-02 1.284736732280398726e-03 1.244477992219830296e-03 1.396824827505087309e-03 3.407888806192135162e-03 2.014448962436534828e-03 1.189325323661517483e-03 1.025740342327962663e-02 5.481868349502986648e-04 7.468628144868714406e-04 2.156370047773371044e-04 4.153555593087520872e-05 3.843919846242754910e-04 1.158950736149451897e-03 6.946437985114477590e-03 3.651991267646827188e-02 5.342181353440811874e-03 3.782222875768766982e-03 3.687623863249763021e-03 9.579729676632276186e-04 1.824415974740319427e-02 7.881144831139563073e-03 3.259558818289602644e-02 1.554971268281132579e-01 8.173833092678563098e-04 1.892183349405054558e-03 1.447486750955746750e-04 8.538283009706692291e-04 1.105061794857614471e-03 6.233560407472459389e-03 1.019534538787236072e-03 1.978252202875351289e-03 6.234463069805655814e-04 1.183412885379079871e-04 1.364080751368380482e-04 1.727131541780055248e-04 4.601998240219594481e-04 2.978853399223787765e-04 6.578603084336861638e-04 3.042581359947468356e-04 1.156558680966480708e-03 1.623212540670796236e-04 1.062140200914115767e-05 1.293808488729024661e-05 2.104715195756195464e-05 2.596643600790015543e-05 3.709310325804811358e-05 8.814272018081553402e-05 1.652436233708036017e-04 1.352932871553402577e-04 1.254159045743363759e-05 4.276340236960589282e-05 8.901153267651727794e-04 4.388608864651916803e-04 1.178132310729879790e-04 1.095944905292328686e-04 3.482200482772545186e-05 3.645401832614491639e-05 2.707806467123177372e-04 5.276512668700757819e-05 1.736045332320371930e-04 2.044710717156951037e-05 1.647652123342094180e-04 7.686395432752395984e-05 1.722731062905721779e-04 4.582952064989145684e-05 2.982193249856615494e-05 4.475851179155369044e-05 1.188828859378259401e-04 2.561259237328708527e-04 8.900250605318530393e-05 1.077981924861716283e-03 2.451337531703692041e-05 2.054617436263783735e-04 1.016284954387728219e-04 1.386038012623387876e-04 1.732479816104245257e-05 2.173904263595715264e-05 2.375355929806867515e-05 1.638422400985158924e-04 7.751161455159251391e-05 6.962911572695316314e-04 4.745295885614555500e-04
8.326383026988789376e-03 4.377054786787000495e-02 1.397975721979912919e-02 2.402887130969364182e-01 1.003986180097924535e-01 3.956301306725732575e-02 2.141679218300596432e-01 0.000000000000000000e+00 2.138361934226098715e-01 1.149156849834268544e-02 1.635240516260640618e-04 1.420542280309828145e-04 2.189610588193335926e-04 1.013306168688179370e-03 3.906812844308228433e-04 1.322490584366346755e-01 9.009924078801919518e-05 1.480840124167361327e-01 1.595049475875061655e-04 3.250802993657595560e-03 1.021091631312000302e-03 3.482493848030834057e-04 8.251010722166872337e-04 3.943528634711000627e-04 1.852195408044444991e-02 3.350005584075901985e-04 2.865930341340892982e-04 3.059438579019915609e-04 7.781851974487937016e-05 4.244521389715408938e-04 1.815727849783302155e-03 9.795240308682966537e-03 2.189001291118428463e-02 2.177560046045161433e-03 5.448469843174711530e-04 2.829575615871399510e-02 3.977694404022492046e-03 2.753797112999544633e-02 1.082833734902647997e-02 2.326724996605900302e-03 2.660078196255407160e-02 1.070015929771256195e-03 1.443740702272980868e-03 2.251081893084024910e-04 9.131332162616861850e-04 1.221392403048327099e-03 7.163076945081662660e-04 3.263485399439007475e-04 3.588240740364816855e-02 4.353901497940506835e-03 1.599156589491106334e-03 2.374317868123691343e-03 2.230252959745513373e-03 8.642314843607600341e-03 4.767411112777872155e-03 1.271693261565707764e-02 4.957421533915758009e-03 2.310431941491701557e-02 8.603049032113548782e-04 3.104684528471394898e-05 1.584443193460001811e-05 1.923325199900337393e-05 2.588113441741307432e-05 4.667802324309627279e-05 1.000917128165056108e-04 1.842717453545880929e-04 1.227349974447424635e-03 2.022730889343613667e-05 1.630636938361338046e-04 7.631333030427402478e-03 1.354715629661465805e-03 5.446890184091617568e-05 7.539938469191246771e-05 1.636865308460394531e-04 9.177593607193187605e-05 1.420858212126446937e-03 7.373171603133173645e-05 1.238881485754011178e-04 1.429636603316784089e-04 1.479215331967607570e-03 1.946907253355098836e-04 1.184812011995534488e-03 1.543958787816134112e-04 4.536555221062841024e-05 4.212567143120249418e-05 6.431017792859216079e-05 1.177297348071672939e-03 7.306374590476623137e-05 1.099013957225197270e-02 1.360695767618893073e-04 1.621497482237722366e-03 8.522712084459049993e-04 8.054455999113312344e-04 1.380622038624208347e-04 6.507744091180928787e-05 6.377535049617317348e-05 1.469398879094094463e-04 5.717237552884000613e-05 1.229155299113817747e-02 5.646829890894666110e-03
8.854214826325503690e-03 1.227846438730682832e-02 4.008971653867754448e-02 1.851383011944567752e-02 1.688881225410849007e-01 4.270156999978192425e-01 1.043003759450347734e-02 2.138361934226098715e-01 0.000000000000000000e+00 5.082214601480188401e-03 6.976451507693264865e-05 5.076572961897710552e-05 5.443279534758830267e-05 2.027379600359576124e-04 1.474814853093274264e-04 1.326078667140803170e-02 2.700111270732676261e-05 2.748764770491973763e-02 2.821902986039228451e-05 1.360447535477264181e-03 1.754617609825891915e-04 1.019128340737297702e-04 1.772625723373164269e-04 1.539716274850110066e-04 8.841803219244052242e-03 9.871966607004676155e-05 8.553853934954334590e-05 1.330524279131796753e-04 3.388075367978469332e-05 1.233736310454790544e-04 5.785614224623643592e-04 4.458790861057953039e-03 7.138705062085355484e-03 6.262671267718048721e-04 1.721016004472648235e-04 1.992378868389877572e-02 4.195597091256152503e-03 1.029712056594027890e-02 3.745507085365995439e-03 7.829918743730656218e-04 4.891527183592405716e-03 3.363229587257232775e-04 3.987240058196046041e-04 8.459977052301887791e-05 2.908084672301174817e-04 3.957452201200558359e-04 1.856505620685458807e-04 9.670898572285133491e-05 6.894309235372374223e-02 5.576873560071928491e-03 2.490174578589475756e-03 3.478792932464728777e-03 2.365877975308303474e-03 1.161320224774093149e-02 7.025420939269180765e-03 1.701608764308920954e-02 6.320441657042632534e-03 3.036352989848411718e-02 8.380317101397286375e-04 2.704489183048680025e-05 7.185417837828279709e-06 8.888064663820376723e-06 7.854290626726965184e-06 2.771624694080177458e-05 6.147130489068883534e-05 8.395888026644927589e-05 1.332239337564869973e-03 1.521866127211147101e-05 1.376131293516555246e-04 7.936884230214453356e-03 1.015788490104470136e-03 2.760747612965157974e-05 3.515847221242448818e-05 1.243349664303334439e-04 6.007894824173306891e-05 1.577537826611047573e-03 4.828115154685344297e-05 5.618170361815673635e-05 1.454572650271340414e-04 1.571693088003599725e-03 1.298366933511667452e-04 8.498114535879444523e-04 1.065434918430283544e-04 2.385917079105268017e-05 1.895500633479551905e-05 3.340076298410739786e-05 1.071550455737690531e-03 4.189774919207034278e-05 1.039686475375850225e-02 7.937109895797752354e-05 1.790769236270415773e-03 9.009021416468722659e-04 7.897844084303701174e-04 1.682540022520142816e-04 4.621044415450043685e-05 3.362326924924036186e-05 8.565137214119291265e-05 2.236503896402899442e-05 1.748456939401825047e-02 4.263364465920888198e-03
6.586275714169033315e-04 6.546558571508382350e-04 2.223392726013219411e-04 1.513448800954088781e-03 1.724355855105475692e-03 5.633741287063314578e-04 3.935021042220622316e-03 1.149156849834268544e-02 5.082214601480188401e-03 0.000000000000000000e+00 6.883025956207416973e-02 3.215215531171319863e-02 5.013837929740545991e-03 1.941378446564269401e-03 2.160770526647704404e-03 3.616674603860510050e-03 6.796596037803841889e-03 3.315072551781193810e-02 4.673240864867136512e-04 1.570384227620464507e-02 1.206836972925531652e-02 2.036383657133212718e-02 7.097182594758311451e-04 5.908601967521680959e-02 7.703094685916532514e-02 1.627906384803418441e-02 5.588382504820184598e-04 5.950350100432023242e-04 7.911158353718350782e-04 5.617719030649074392e-04 4.814800885270694689e-04 2.251375258342313591e-03 9.206478801855478428e-03 8.780647846169980369e-03 1.139250130727435806e-02 7.061527432597044726e-03 1.076357132661962326e-02 1.593199018092008867e-01 9.603198897295388281e-02 4.399170013950317454e-02 3.948876909035191340e-02 1.880651838098467907e-03 1.628064350711727615e-02 1.333096866781406935e-04 8.279895916829163160e-04 1.877086321882341126e-03 2.969375444725223887e-03 3.907489841058125806e-04 2.557287523062643647e-03 6.499845795765458491e-03 1.279546423864518412e-04 7.589584897517060477e-05 2.443619768754860615e-04 1.961237017894594775e-04 1.118308364597274558e-04 2.351367678302168000e-04 2.857129383592226044e-04 6.351357841954616019e-04 1.456513374287713011e-03 1.640363125001531412e-04 5.346243333940195680e-05 5.356849616355255795e-05 3.874790898038079257e-05 3.156948677563478330e-04 1.727470040155003935e-03 1.890558557205300645e-03 2.732020384211176372e-04 2.592784719315600135e-04 3.729371996160105673e-04 2.717961418371639491e-03 6.465995958270585701e-03 1.288505347521494502e-04 1.515096159712172859e-04 4.248244871839845305e-04 7.405893112711549493e-04 1.170820745830986965e-03 9.950272564409482282e-04 1.805234400159891458e-04 4.134328885390433083e-05 3.032336142465686768e-04 1.271580428774058379e-03 4.639233061463954354e-04 9.086650377123630870e-05 7.997136940955327773e-05 9.769740097770161389e-05 1.653767660649500923e-04 3.617058235352118688e-03 1.167706560781459074e-04 4.023323984965580108e-03 1.976807943142235989e-04 7.618695757762650785e-04 4.285795624900823482e-04 7.324427837140557070e-04 5.592444485319569787e-05 6.813746622134576522e-05 3.174979357669080796e-05 2.594838276123622367e-04 1.210808687191596906e-04 3.815305450280423254e-04 1.655776084340863583e-03
9.687597825449270779e-05 2.914403308633550460e-05 1.289114644596402423e-05 2.786541189136251072e-05 3.138037901683009523e-05 1.995966951164333987e-05 2.162259919497479114e-04 1.635240516260640618e-04 6.976451507693264865e-05 6.883025956207416973e-02 0.000000000000000000e+00 8.809307375248973115e-02 1.072182319370928137e-02 1.755317173134119182e-02 1.192755440527664725e-02 7.186320500161477720e-04 1.095854639059009109e-02 5.727166838549163815e-03 1.446516388947560478e-03 2.604699862113795100e-03 1.220557440390120096e-02 5.502629583166506605e-03 8.793962115584630845e-04 2.686639035409716866e-02 6.729799025147292779e-02 1.349908952737193663e-02 1.389671228514504340e-04 2.249028336276002679e-04 5.248755801954961987e-04 4.035893557955342985e-04 1.870406620616686427e-04 5.203622685295132035e-04 3.992227267586957035e-03 1.591145461283986675e-03 1.549216795907004326e-03 3.034795897323647748e-04 9.222501058269719698e-04 7.505411634946475632e-03 7.615987770763060424e-03 3.850870346208368558e-03 3.074039142259370281e-03 2.130034874202360509e-03 5.357300947521854116e-03 6.322246981709024626e-05 2.900050977535724613e-04 1.000104732065179233e-03 3.212259312030100620e-04 1.525409076868943967e-04 6.791857060554559733e-05 4.607481913893763802e-04 1.081818239777801884e-05 3.960137621641817606e-06 1.662320386256538874e-05 7.841427688478912921e-06 3.039015843731341819e-06 1.105377726674233317e-05 1.628718780903295194e-05 2.960777586001526161e-05 2.026138439651430849e-04 2.392077749529335117e-05 2.282246310137637856e-05 3.457512667959618187e-05 3.888488798944337909e-05 2.342656986786820694e-04 2.373370072673835075e-04 9.705876737696501758e-04 2.459777424519080249e-05 9.087778705040125589e-05 5.417779323846026854e-05 1.756761432867233778e-04 6.696400518819018701e-04 4.373850335504152681e-05 6.888216264623297082e-05 5.662626481725605807e-05 2.324987371614496755e-04 9.157509370279563450e-05 2.439286989555516938e-04 8.644345833857293166e-05 5.298176564697477054e-06 3.145146367556932892e-05 2.012282572836862637e-04 3.938970189928358006e-05 2.567239375286136161e-05 2.893213310361760206e-05 3.434539911579764597e-05 4.422345869355139659e-05 5.306526191279545800e-04 5.305849194529647613e-05 3.035089262581937026e-04 2.023362752976851293e-05 7.558443047021776693e-05 3.050141156987990019e-05 8.441472474471355158e-05 5.894385035773834773e-06 1.793025892103407745e-05 1.196117857718821965e-05 8.648633479939977706e-05 3.705361178097075776e-05 1.860928666118121980e-05 1.418443590385145962e-04
1.211034352774895985e-04 3.142054749065734354e-05 1.690618850402252497e-05 3.110890332012121272e-05 3.416283565890863052e-05 1.497042913048240587e-05 5.855796221029680153e-04 1.420542280309828145e-04 5.076572961897710552e-05 3.215215531171319863e-02 8.809307375248973115e-02 0.000000000000000000e+00 8.994127487970977886e-02 2.187173399893704850e-02 2.434322346722935654e-02 3.060047876094822757e-03 9.598911251212703666e-02 2.619435824703229571e-03 4.597259262970312434e-03 1.743311764102604315e-03 6.848724787545945603e-03 3.069164765660108499e-02 1.986285897640800713e-02 6.088683102994403573e-02 5.538736076494371607e-02 7.505185969363177556e-02 3.320488525780373470e-04 3.060882838753030150e-03 1.239084584778980336e-03 2.765576856447760426e-02 1.666608032339223075e-04 6.978708163526256471e-04 1.029147892635779923e-02 8.881520361904701039e-03 3.312071199523315169e-03 1.665073506372788522e-04 3.854593828332805033e-03 4.866026972679601652e-03 9.677217208617510530e-03 6.915747465785794350e-03 1.140468724877251316e-02 1.583269732426846165e-03 7.116589834922039046e-03 5.965695360096366190e-05 3.316900443005917228e-04 3.307061423574073847e-03 4.344807174933551161e-03 2.879470276338841860e-03 4.464364800965441233e-05 3.567840571634573626e-04 1.520737799294651366e-05 3.117863398536065380e-06 2.931012295564367845e-05 8.928233137647626728e-06 2.845913804102258297e-06 7.054080468348172704e-06 1.532878607676145592e-05 1.967781319810270243e-05 2.650780774223481808e-04 8.626292587193361402e-05 3.437518697279313257e-04 4.387728768877050055e-04 6.950725631197162508e-04 1.126861090204312604e-03 8.128699976018733146e-04 4.958098530665656575e-03 5.497890605917225750e-05 3.661740020845350536e-04 9.201739824606196543e-05 2.140122125775832456e-04 1.453557155146494029e-03 1.731667420004367975e-03 3.103488500879909330e-03 8.943127066145370365e-05 4.685945837206879081e-04 5.676843413473452952e-04 8.287568546661334837e-04 5.216711289126482048e-03 7.210241051991186054e-06 2.946064189970421313e-05 2.805700197158349273e-04 7.812993824983219444e-05 4.451682395184030131e-05 7.153373324999799947e-05 7.203245418908913410e-05 1.043116592241997379e-03 1.499570367581190946e-03 1.333141999898066832e-03 3.108769075529109385e-04 4.833305463101224476e-05 9.454259612317946902e-05 4.068028337017142717e-05 1.286068159221863904e-04 1.335827420339326574e-05 7.688426423002088375e-05 2.084382726700941576e-05 8.117416696853776200e-04 7.499092998614098919e-04 1.105535692582542639e-05 1.097298898792123704e-04
1.187407166203474727e-04 3.135668413058368174e-05 1.638828599035097199e-05 2.629861574651650653e-05 3.191656044274888108e-05 1.132908927836729969e-05 3.313154394323151401e-03 2.189610588193335926e-04 5.443279534758830267e-05 5.013837929740545991e-03 1.072182319370928137e-02 8.994127487970977886e-02 0.000000000000000000e+00 1.963335707819277021e-01 4.113612784843571901e-02 1.069654864837977712e-02 1.097682530283732166e-01 4.934629310002543005e-03 1.696824653942979530e-02 7.502252316780289552e-04 5.829844678950276034e-03 1.072453118070887113e-01 4.450802299409162971e-02 1.664938107022808852e-02 1.751593691009683054e-02 6.981190484942548756e-03 7.055434461847967824e-04 1.570045729245515918e-03 4.050178189378179786e-04 1.411289991394562918e-02 1.207040071950500994e-04 8.023314148618027747e-04 1.262869737258711170e-02 2.158378471464733606e-02 7.734010870828516432e-03 9.021207357966876193e-05 4.474632585005553637e-03 2.784984096611486937e-03 6.476602240685644732e-03 1.000465796998457717e-02 2.665449037137926705e-02 6.264025261217845636e-04 3.595552305263708965e-03 3.218239449987527644e-05 3.309340645965395565e-04 9.468250878482494968e-04 1.841408593162745244e-02 1.382088864915652837e-03 2.251871722625571891e-05 1.210537888491637875e-04 1.687707764377693425e-05 6.970132871360890137e-06 4.498304904693635226e-05 6.431469124025815424e-06 2.968179417133738452e-06 9.701137760447218925e-06 2.485119669523574849e-05 2.357505782167904516e-05 1.128779247662355225e-04 7.165784932081254051e-05 9.255899564597992648e-04 2.318104571323872844e-03 4.567245740391525158e-03 4.337992074317916988e-03 5.337893707358127172e-04 2.005918803387826688e-02 8.779293852670184593e-05 3.624256967459361608e-04 9.125916188617681508e-05 2.171038310687815670e-04 1.223468526414679116e-03 5.263424064869407643e-03 1.113885319164611282e-02 4.356361252798467598e-05 2.193356636876101862e-04 8.112226388437895072e-04 1.590513597650748765e-03 1.285707094288585095e-02 7.892879441471120278e-06 2.792227961835390038e-05 1.464276270353203669e-04 1.302609446477691498e-04 5.663980475225400283e-05 9.262669532096968279e-05 8.166160462846391692e-05 1.199232042768350439e-03 3.014959892551652160e-03 1.510086383762931483e-03 2.044755850273610785e-04 3.962890741758067864e-05 8.638478528691515750e-05 2.163613912997273793e-05 5.211972311877200137e-05 2.242867665851935985e-05 9.409352161241415894e-05 2.342025123153582865e-05 5.870464483944124508e-04 4.968479147497416879e-04 1.135346116136360737e-05 8.689478950517123932e-05
6.272600553383212004e-04 1.154730789741757746e-04 5.177445477632430164e-05 7.038509543100531320e-05 6.276436868299297301e-05 3.535389860756154911e-05 6.548363896174775635e-03 1.013306168688179370e-03 2.027379600359576124e-04 1.941378446564269401e-03 1.755317173134119182e-02 2.187173399893704850e-02 1.963335707819277021e-01 0.000000000000000000e+00 1.252443987310290219e-01 1.332374736914849686e-02 1.092966119592779922e-01 2.443845434338159928e-02 1.374506501316801188e-01 2.630200073026599597e-03 5.692640004304393153e-02 5.576422228905330430e-02 1.755520272159088457e-01 9.089132698539920119e-03 7.244090889486058671e-02 1.183119520120790719e-02 5.535125427161585732e-03 1.094478079000884251e-03 5.828039354283884050e-04 1.570429360737124469e-02 2.553857406196496558e-04 6.472991591352859463e-04 4.445589424434952253e-03 4.402171366208195574e-02 1.485082637133385355e-02 2.775934906721191160e-04 5.694896660137384499e-03 1.162177753990629612e-03 9.896338490000984849e-04 2.842393421002791139e-03 5.139307994054873735e-02 3.118540395285963190e-03 1.018338511195750716e-02 1.186933268478546592e-04 1.414539575794070874e-03 5.038435478320152545e-03 7.511053274528954604e-02 1.962365345811090470e-02 4.036841353405199660e-05 2.185119843085682825e-04 7.997136940955327773e-05 1.887218706572473188e-05 9.295616707258644697e-05 2.403518994602601622e-05 1.434172481541096870e-05 3.714839132595640494e-05 6.734763667979874377e-05 8.051522346530422822e-05 1.163712279957064165e-03 3.916042566665164232e-04 1.389400429814545337e-03 4.985629731828152000e-03 6.847370794046151073e-03 1.133044327186709214e-02 2.780222552803875320e-03 4.939819618418424263e-02 2.467292088442941825e-04 2.058521450854859311e-03 3.427837643755780113e-04 5.329092749609460776e-04 4.663785476926902637e-03 5.271096694701578669e-03 1.066969444396717766e-02 2.603774633222268888e-04 2.619322991911580099e-03 1.902406000328506035e-03 5.900929337689510105e-03 1.141958117727025733e-02 2.267578047223192959e-05 9.726863636943322772e-05 1.202210828467899098e-03 2.823505211680652524e-04 1.417360395585310110e-04 2.426469184424125439e-04 2.400291976761424111e-04 1.361959494885368405e-03 6.967650549944598252e-03 1.410974059577944093e-03 1.341942957646733879e-03 1.360131603660645172e-04 3.364177382707088772e-04 1.291980597504301543e-04 3.656752811454439325e-04 4.833531128684524233e-05 2.187557031385313966e-04 5.551147683575825403e-05 1.024138116686538862e-03 7.021584624353094817e-04 6.450650698606243431e-05 6.551071883174364478e-04
1.057626889248132690e-03 6.280498848798683439e-05 4.339571733401011085e-05 4.228273467717869809e-05 6.561903831172725434e-05 1.079854949203099386e-04 3.434336812554795765e-04 3.906812844308228433e-04 1.474814853093274264e-04 2.160770526647704404e-03 1.192755440527664725e-02 2.434322346722935654e-02 4.113612784843571901e-02 1.252443987310290219e-01 0.000000000000000000e+00 5.870013152777526621e-04 1.786301057721092697e-02 9.142164110615221342e-03 1.635285649377300624e-03 3.622564475584617166e-02 1.462109880753531821e-01 1.568962534445680207e-02 6.574992435004074764e-02 6.580859740169853027e-03 5.955991740014502517e-02 1.165698137090096474e-02 2.504572042803961812e-03 5.214003302126893336e-02 1.111154765606691547e-01 1.303940873419156543e-01 3.598779323104886680e-04 4.870540284345584213e-04 4.693189702430781898e-04 3.085119322399358394e-03 4.417313526847569012e-03 1.421399809526364836e-03 9.941020275494216740e-02 7.000597725106275700e-04 4.700388434538025034e-04 3.019721436359264102e-04 4.057376921485422380e-03 3.215215531171319169e-03 9.377758979579537205e-03 1.318879935033560576e-03 1.380373806482579346e-03 2.006482967346074828e-02 5.303818204279955872e-03 4.843234748766386648e-03 1.187723098020093465e-03 9.286590083926677189e-03 2.155963849723432837e-04 3.845476938767518761e-05 2.295289780852328434e-04 5.033470835487572178e-05 2.493604695455623008e-05 9.317957600005259645e-05 1.794786083653140496e-04 1.573927177278261599e-04 4.090933393722006109e-03 1.398494752821501010e-03 4.037676316063406809e-03 1.253617448343445802e-02 2.164178076955521751e-02 3.608279844161781102e-02 7.510150612195758656e-03 1.850412649936381548e-01 6.203321219310372302e-04 6.780348115806302325e-03 1.144124507326697631e-03 1.520963464877950547e-03 1.745658686168915716e-02 1.162809617623867219e-02 3.381215134246175202e-02 1.105513126024212792e-03 9.560096770885248563e-03 5.167741857550567017e-03 2.504007878845714019e-02 3.358400343774631258e-02 6.739502645229157075e-05 2.483201512065531997e-04 4.112687555952044237e-03 7.828564750230860387e-04 3.441874043036986775e-04 5.017899910239931099e-04 5.234538870207115519e-04 3.154195557447228831e-03 4.189165622132126621e-02 6.480889886768328133e-03 5.175640152966036987e-03 3.425107090197859966e-04 9.850302711007959122e-04 4.312424163730123783e-04 1.133360259003328039e-03 1.719346079156234370e-04 5.480740021586489761e-04 1.410951493019614090e-04 2.207415602715639448e-03 1.666540332664233175e-03 2.407964606593594975e-04 2.273400219272311319e-03
7.370689281716882868e-02 1.122731410029938065e-01 4.078860285015501602e-02 6.565965811672108687e-02 2.013456033870018522e-02 7.641487981675864488e-03 3.169405417761591570e-01 1.322490584366346755e-01 1.326078667140803170e-02 3.616674603860510050e-03 7.186320500161477720e-04 3.060047876094822757e-03 1.069654864837977712e-02 1.332374736914849686e-02 5.870013152777526621e-04 0.000000000000000000e+00 2.482276283174005786e-03 3.187120166050574910e-02 2.237338859061106713e-03 2.034713731816798626e-03 2.304045605484335638e-03 1.386399077556666609e-02 4.820893856019772133e-03 6.163152745483124750e-03 7.679399799670121735e-03 2.090046932841750811e-03 1.689039191319158468e-03 4.711671713702982522e-04 1.202323661259548679e-04 7.768086373906689249e-04 2.078380022185184577e-03 7.949972834045804237e-02 1.446245590247601520e-01 7.600416845515419427e-03 1.312516165584524594e-02 5.286893285532519478e-03 2.238760552235891359e-03 2.234833971086485835e-02 5.414620005679838741e-03 2.719067179729805356e-02 2.031622113325600165e-01 1.643838374984338616e-03 6.267410244967332178e-03 2.536345756932482584e-04 1.633931655877505660e-03 1.957964866936757597e-03 1.547072972865662366e-02 1.979042032416898026e-03 3.623760503176102956e-03 2.055181600222031474e-03 4.590827793846286465e-04 7.502703647946887440e-04 4.490361476161504111e-04 1.419549351743311762e-03 9.844435405842180079e-04 2.145380133866702128e-03 8.930941124647215476e-04 3.391324952377977077e-03 4.882049229093841187e-04 4.375994158545494273e-05 4.068998699025328962e-05 4.321811851995367650e-05 4.679401535291202935e-05 1.036075826043064045e-04 2.218044451689028861e-04 3.814041723013947868e-04 3.220022208095591116e-04 4.259302485421503714e-05 1.104136565966087907e-04 2.465238531634919919e-03 1.381840632774023782e-03 3.034953863231957443e-04 2.460973452110565979e-04 1.249690867194040668e-04 1.387911036964770844e-04 6.268989904050425652e-04 1.649976478850075307e-04 5.743866091713301049e-04 6.174661690231380694e-05 4.316779509487796759e-04 3.912860681940645655e-04 3.740880940908363188e-04 1.245425787669686782e-04 7.657961569256703863e-05 1.025582376419653403e-04 2.730643824153051514e-04 8.771621222838014813e-04 2.278613094246521528e-04 3.591941655930922829e-03 9.928157337246166548e-05 6.355194156870701315e-04 2.861010831624971563e-04 3.505624570318997477e-04 5.168193188717165880e-05 7.147957351000622044e-05 6.475699578352448686e-05 3.522594622183093660e-04 2.146237663083239199e-04 1.651149939883231115e-03 1.335895120014316548e-03
